100
5
8697851
983469
4936439
9516811
3023326
1862603
9999997
8291470
615403
8603593
8
2
11
592432
1281246
3855409
9999163
9999996
4461643
10000000
1
1144
3323191
1507483
9999162
12
6513281
3929879
9999999
9999991
8763892
390548
6
2610613
9309119
13
8873129
2044523
9325574
5103067
6735763
6704676
4572049
2872729
9999971
7551991
8460583
7742461
4046177
7203246
7783893
3191803
5001361
4751053
10
3702389
9987391
3
2360890
9971849
9999998
9999161
9999972
5331653
6537523
8237213
9682616
7
6987083
9999929
9999995
8184167
1264969
5462959
2896297
8248729
4
9999973
3949061
2295773
3410821
3132736
9010879
4170220
4461642
1221469
9999930
6865010
4125389
9
6697461
4461641
3910981
3877633
5388168
1750607
140839
1481717
9999931
